ABE ABG ACS ACX ANA BKT BBVA BME BTO CRI ELE ENG FCC FER GAM GAS GRF IBE IBLA IBR IDR ITX MAP POP REE REP SAB SAN MTS SYV TEF TL5 TRE OHL
 0.0093457944  0.0008361204 -0.0192170819 -0.0030706244  0.0109635766  0.0232172471  0.0014326648 -0.0476190476  0.0158730159  0.0165289256 -0.0066869301 -0.0049140049  0.0140845070 -0.0266524520  0.0216172938 -0.0064365126  0.0000000000  0.0054249548 -0.0268817204 -0.0063492063 -0.0013860014  0.0212689257 -0.0050000000 -0.0185185185  0.0023434884 -0.0219033233  0.0000000000 -0.0056390977 -0.0582191781  0.0584518167 -0.0081499593 -0.0150250417  0.0104712042  0.0093240093
-0.0109243697 -0.0132013201 -0.0143809190 -0.0578592093 -0.0113212092  0.0050000000 -0.0292072323 -0.0141479100 -0.0247678019 -0.0358565737  0.0378548896 -0.0153225806 -0.0360313316 -0.0115911486 -0.0317829457 -0.0398876404  0.0038167939 -0.0315236427 -0.0312500000 -0.0125391850 -0.0116438356 -0.0218617772 -0.0147783251 -0.0240963855 -0.0135402906 -0.0112023898 -0.0588235294 -0.0238532110 -0.0778947368 -0.0201238390 -0.0368916797 -0.0260162602  0.0015731515 -0.0126582278
 0.0249784668  0.0314893617  0.0149519402  0.0126953125 -0.0128403281  0.0169491525  0.0779610195  0.0183366077  0.0303030303  0.0120967742  0.0044359949  0.0307564422  0.0368164591  0.0457300275  0.0573770492  0.0177244140  0.0100231303  0.0160142349  0.0378378378 -0.0062305296  0.0000000000  0.0234572357  0.0684210526  0.0709677419 -0.0101340307  0.0190258752  0.0208877285  0.1330561331  0.0969976905  0.0572831424  0.0183852918  0.0182119205  0.0005246590  0.0382317802
 0.0166374781 -0.0101095198 -0.0357020254  0.0029382958  0.0405789929  0.0051107325  0.0293209877  0.0275908479  0.0278688525  0.0122448980 -0.0229102167  0.0041736227 -0.0043126685 -0.0092794760 -0.0105433901 -0.0045532157 -0.0262762763  0.0000000000  0.0054347826  0.0000000000  0.0075914424 -0.0057409401 -0.0256410256  0.0130718954  0.0109054858  0.0022883295  0.0000000000  0.0147679325  0.0309523810 -0.0270700637 -0.0294802172  0.0378006873  0.0187065740  0.0145454545
 0.0279027903 -0.0058626466  0.0717439294  0.0591286307  0.0319162518  0.0463458111  0.0536585366  0.0241212957  0.0099337748  0.0000000000  0.0081148564 -0.0074565037  0.0027027027  0.0373725934  0.0466893039  0.0103507763 -0.0205882353  0.0071684588 -0.0366492147  0.0031250000  0.0020746888  0.0068641618  0.0483870968  0.0699300699 -0.0222940226  0.0322834646  0.0186170213  0.0580357143  0.0873786408  0.0644067797  0.0054602184  0.0000000000  0.0493550196  0.0012135922
-0.0245829675  0.0127226463 -0.0051244510 -0.0242914980  0.0012782820 -0.0105820106 -0.0016233766 -0.0013764625 -0.0226537217  0.0040983607  0.0532544379 -0.0297427653 -0.0096359743 -0.0286028603 -0.0025402202  0.0000000000 -0.0029325513  0.0145454545 -0.0103626943  0.0457516340 -0.0013812155  0.0274684484 -0.0210526316 -0.0337837838 -0.0149586251 -0.0031397174 -0.0259067358  0.0000000000 -0.0367830424 -0.0166666667  0.0078616352 -0.0300000000  0.0176940639 -0.0131736527
 0.0088573959 -0.0328137818 -0.0186781609 -0.0332681018 -0.0220027503 -0.0052631579 -0.0096463023 -0.0208894879  0.0231788079 -0.0161290323 -0.0299744898  0.0113821138 -0.0183920126 -0.0146341463 -0.0100586756 -0.0224845419  0.0022042616  0.0018214936 -0.0153061224  0.0065789474 -0.0236008092 -0.0055370986 -0.0404040404 -0.0033670034 -0.0060107561  0.0039401103 -0.0102564103 -0.0066518847 -0.0110974106  0.0169491525 -0.0139534884  0.0016694491 -0.0162829871 -0.0164899882
-0.0070360598  0.0295608108  0.0003593245  0.0059055118  0.0334625323  0.0516605166 -0.0189274448 -0.0505438260 -0.0065789474  0.0163934426 -0.0867792662 -0.0383111806  0.0111583422  0.0159691630 -0.0148637490 -0.0331521739  0.0164301718 -0.0143626571  0.0261780105 -0.0097719870  0.0451021846  0.0308219178  0.0206185567  0.0033783784 -0.0321494182 -0.0047058824 -0.0051020408  0.0044543430  0.0150187735 -0.0649762282 -0.0107361963 -0.0756172840 -0.0066926938 -0.0035211268
-0.0206718346 -0.0520416333 -0.0092559630 -0.0415094340 -0.0135100688 -0.0269299820 -0.0579494799 -0.0255610973 -0.0829562594  0.0124481328  0.0023350846 -0.0244088482 -0.0363543267 -0.0391534392 -0.0449526814 -0.0048674959 -0.0029784066  0.0201465201 -0.0682926829  0.0165562914 -0.0300751880 -0.0334681868 -0.0202020202 -0.0451612903 -0.0015285845 -0.0252293578 -0.0439024390 -0.0761316872  0.0000000000 -0.0094191523 -0.0068545316 -0.0540145985 -0.0159165752 -0.0501672241
-0.0059931507 -0.0095162569  0.0188610809  0.0037878788 -0.0082164075 -0.0445969125 -0.0358166189  0.0012484395 -0.0568990043 -0.0282258065 -0.0040697674 -0.0267260579  0.0035971223 -0.0302719343  0.0055511499 -0.0016198704  0.0112951807  0.0073800738  0.0098522167 -0.0194805195 -0.0013651877 -0.0119912791 -0.1040723982 -0.0432098765  0.0052243393 -0.0053231939 -0.0552995392 -0.0489236791 -0.0442583732 -0.0139318885  0.0022900763  0.0029282577  0.0230207748 -0.0033333333
-0.0042625746  0.0447390224 -0.0104091888 -0.0009460738  0.0458751983  0.0228070175 -0.0264993026  0.0171428571 -0.0487144790  0.0000000000 -0.0533847001  0.0150715901 -0.0111788618 -0.0005128205  0.0353037767  0.0048833424 -0.0096942580  0.0018484288 -0.0145631068  0.0335570470  0.0096485183  0.0392749245 -0.0045045045 -0.0121951220 -0.0169184290 -0.0037878788  0.0023094688  0.0039292731  0.0385093168 -0.0386904762  0.0053722180  0.0178837556  0.0165525114  0.0101010101
-0.0017021277  0.0058333333  0.0156762669 -0.0347031963 -0.0221073045  0.0458715596 -0.0027816412 -0.0223463687  0.0335664336  0.0122448980  0.0230855856 -0.0067365269  0.0191610564  0.0098394614 -0.0240384615  0.0154269972 -0.0044543430 -0.0036832413  0.0300000000  0.0347222222  0.0000000000 -0.0405797101  0.0045248869 -0.0238095238  0.0153374233 -0.0379008746 -0.0181405896 -0.0019607843 -0.0188909202 -0.0014858841 -0.0113808801 -0.0029717682  0.0045871560 -0.0240963855
-0.0240863787 -0.0625000000 -0.0310844225 -0.0205724508 -0.0586588779 -0.0404929577 -0.0613577023 -0.0061690315  0.0185185185 -0.0160642570 -0.0563230606 -0.0059523810 -0.0421626984 -0.0626213592 -0.0714285714 -0.0268096515  0.0377503852 -0.0440140845 -0.0049751244 -0.0367892977 -0.0195945946 -0.0230088496 -0.0133928571 -0.0400000000 -0.0121212121 -0.0122390209 -0.0433839479 -0.0777576854 -0.0749718151 -0.0073746313 -0.0337243402 -0.0232220610 -0.0449069003 -0.0597322348
 0.0343642612  0.0256410256 -0.0237931034 -0.0141093474 -0.0017008869 -0.0290598291 -0.0388958595 -0.0385527877 -0.0277008310 -0.0273437500 -0.0213208528 -0.0132158590 -0.0175438596 -0.0072289157 -0.0175438596 -0.0085061138  0.0367412141  0.0070921986 -0.0195121951  0.0033557047  0.0206896552 -0.0035273369 -0.0260869565 -0.0304709141  0.0085574572 -0.0021551724 -0.0335429769 -0.0332167832 -0.0274122807 -0.0314285714 -0.0151624549  0.0014534884 -0.0145709660 -0.0299700300
-0.0308076603 -0.0188679245 -0.0215924426 -0.0087412587 -0.0511815562 -0.0101522843 -0.0256723716  0.0083732057 -0.0013831259 -0.0077519380 -0.0408977556 -0.0021978022 -0.0237868696 -0.0147198481 -0.0221586848 -0.0208224883 -0.0055599682 -0.0139860140 -0.0284360190 -0.0324675325 -0.0268456376 -0.0132265924  0.0043668122 -0.0243243243 -0.0215311005 -0.0319888734 -0.0103734440 -0.0154905336 -0.0379746835 -0.0502035278 -0.0092989986 -0.0241134752 -0.0074986610 -0.0039800995
-0.0195918367 -0.0093457944 -0.0070351759 -0.0255536627 -0.0048181714 -0.0100502513 -0.0108827086 -0.0129870130 -0.0136425648 -0.0076923077  0.0080442433 -0.0065502183 -0.0191320579 -0.0140449438  0.0167151163  0.0158646219  0.0104333868 -0.0321489002  0.0193236715 -0.0128205128 -0.0119363395 -0.0177777778 -0.0213675214 -0.0133333333 -0.0068310068  0.0027894003 -0.0082304527 -0.0085324232 -0.0150649351  0.0068306011 -0.0049822064  0.0014204545 -0.0074428495  0.0090361446
-0.0080971660  0.0346494762 -0.0264187867  0.0042771600 -0.0223194258 -0.0164744646 -0.0201421801  0.0137642130 -0.0161073826 -0.0114068441  0.0040383645 -0.0043478261 -0.0355535554  0.0470588235 -0.0192444761 -0.0237480640  0.0113636364 -0.0083892617  0.0000000000  0.0263157895 -0.0239482201 -0.0552325581 -0.0084745763  0.0000000000  0.0059755004  0.0170212766  0.0103950104 -0.0200668896 -0.0118069815 -0.0252996005 -0.0035460993  0.0057142857 -0.0015923567 -0.0099403579
 0.0065199674 -0.0087859425 -0.0068027211 -0.0370675453  0.0021355513 -0.0097879282 -0.0276497696  0.0060204696  0.0013440860 -0.0112781955  0.0122636689 -0.0036101083 -0.0044802867  0.0019646365 -0.0290657439  0.0216244726 -0.0072522160 -0.0293159609  0.0097560976 -0.0470219436  0.0265780731 -0.0465044657 -0.0125523013 -0.0234375000  0.0042004200 -0.0242214533  0.0000000000 -0.0132013201 -0.0255127564  0.0287671233 -0.0139860140 -0.0371389271 -0.0202808112 -0.0098425197
 0.0040916530  0.0347107438  0.0144594151  0.0483592401  0.0350162866  0.0425170068  0.0081300813  0.0310366232  0.0094979647 -0.0037453184 -0.0219890055  0.0139092240  0.0017953321  0.0393057682 -0.0055058500  0.0276422764  0.0652360515 -0.0064724919  0.0199004975 -0.0062305296 -0.0039708802  0.0387076136  0.0717488789  0.0212765957  0.0006004203  0.0119047619  0.0105042017  0.0133779264  0.1390313390  0.0138888889 -0.0027894003  0.0069252078  0.0174603175  0.0211055276
 0.0149501661  0.0324232082  0.0613882107  0.0357781753  0.0097497944  0.0103092784  0.0189349112  0.0222081218 -0.0053981107  0.0037593985  0.0172852059 -0.0101449275  0.0624701955  0.0847176080  0.0786933927  0.0477001704 -0.0339966833  0.0248756219  0.0000000000  0.0031250000  0.0059920107 -0.0138801262  0.0000000000  0.0053475936 -0.0035895902  0.0106157113  0.0170940171  0.0204778157  0.0022844089  0.0730253353  0.0077301476  0.0524781341  0.0459324848  0.0142711519
 0.0220713073  0.0155979203  0.0309241280  0.0419384902  0.0331310680  0.0282685512  0.0432098765  0.0527722111  0.0234806630  0.0640000000  0.0175892395  0.0102489019  0.0145137881  2.8672376874  0.0924574209  0.0513432836  0.0263829787  0.0307692308  0.0151515152  0.0666666667  0.0134952767  0.0673400673  0.0324074074  0.0594900850  0.0111917725  0.0505576208  0.0285714286  0.0371681416  0.0984943538  0.0533751962  0.0274368231  0.0378214826  0.0698638247  0.0380952381
 0.0155172414  0.0415162455  0.0269571640  0.0113100848  0.0342663487  0.0235081374  0.0279187817  0.0149152542  0.0111731844  0.0040160643  0.0157645822 -0.0151405912  0.0182266010 -0.0057870370  0.0090016367  0.0120845921  0.0077186964  0.0465116279  0.0102040816  0.0238907850  0.0171585450  0.0139979515  0.0188679245  0.1573770492  0.0054744526  0.0267175573  0.0000000000  0.0235507246  0.0056782334  0.0031496063  0.0131675201  0.0076219512  0.0180831826  0.0063897764
-0.0152801358 -0.0280701754 -0.0029455081  0.0009433962  0.0123252859 -0.0195035461 -0.0150000000 -0.0006775068 -0.0096818811 -0.0119047619  0.0042216359  0.0221075903 -0.0121654501  2.4909090909 -0.0024489796  0.0054678007  0.0264084507  0.0126811594 -0.0200000000  0.0209059233  0.0125086866 -0.0171140940 -0.0363636364 -0.0065146580  0.0173267327  0.0076923077 -0.0277777778 -0.0125223614  0.0006313131 -0.0451127820 -0.0087019579 -0.0223546945  0.0066747573  0.0107642626
-0.0256410256 -0.0206185567  0.0089153046 -0.0111940299 -0.0005080010  0.0035587189  0.0012515645 -0.0120481928  0.0027739251 -0.0454545455  0.0085151676 -0.0022058824 -0.0033947624 -0.0194660734 -0.0064882401 -0.0120048019 -0.0147441457  0.0036363636 -0.0147783251 -0.0034722222  0.0000000000  0.0098271772 -0.0045248869  0.0032679739  0.0049751244 -0.0196078431  0.0000000000  0.0035906643  0.0239172592  0.0106382979 -0.0050505051 -0.0059259259  0.0122850123 -0.0064171123
-0.0320256205 -0.0085178876 -0.0225127088 -0.0218978102 -0.0167332667 -0.0425894378 -0.0135802469 -0.0079681275 -0.0217096336  0.0114942529 -0.0244029076  0.0187265918 -0.0427112349 -0.0526870390 -0.0344557557 -0.0095124851 -0.0051768766 -0.0107913669  0.0252525253 -0.0335570470 -0.0096352374 -0.0318241470 -0.0432900433 -0.0316455696 -0.0192131747 -0.0067415730 -0.0290456432 -0.0279232112 -0.0663850332 -0.0280649926 -0.0149253731 -0.0145985401 -0.0257330940 -0.0300829876
-0.0234558249 -0.0126156434 -0.0289139633 -0.0343612335 -0.0080515298 -0.0033955857 -0.0073529412  0.0033311126  0.0109739369  0.0275590551  0.0120861797  0.0022522523 -0.0050808314 -0.0015781168 -0.0199539524 -0.0064973420 -0.0068551842  0.0183150183  0.0153846154  0.0101694915  0.0055363322  0.0335707019  0.0000000000  0.0000000000  0.0092336103 -0.0066964286 -0.0102669405  0.0177619893 -0.0229952830  0.0165165165 -0.0133239832 -0.0086830680 -0.0129946840  0.0083682008
 0.0232000000  0.0008417508  0.0290275762 -0.0017590150  0.0039796045  0.0068376068  0.0136645963  0.0351724138  0.0041322314 -0.0078125000  0.0319956616  0.0285714286  0.0000000000  0.0214938205  0.0077339520  0.0005910165  0.0112651646  0.0282485876  0.0540540541  0.0102739726 -0.0034482759 -0.0080726539  0.0131578947  0.0095846645 -0.0033742331  0.0007446016 -0.0081466395  0.0035650624  0.0071258907  0.0000000000 -0.0014005602 -0.0184659091  0.0198795181  0.0042016807
 0.0105092967  0.0008424600  0.0325964781 -0.0257069409  0.0476872964  0.0051546392  0.0012437811 -0.0261920752 -0.0095497954  0.0118577075  0.0082012028 -0.0030792918 -0.0082455337 -0.0184599156 -0.0007727975 -0.0041200706  0.0000000000  0.0056818182  0.0054347826  0.0354609929 -0.0034364261 -0.0023489933 -0.0338983051  0.0000000000 -0.0042761148  0.0022388060 -0.0020325203 -0.0017793594  0.0375847197 -0.0606488011  0.0077628793 -0.0070521862 -0.0218031821  0.0247578041
 0.0147662018 -0.0091819699  0.0106020447  0.0095155709 -0.0106986337  0.0300884956  0.0203045685  0.0261888353  0.0280504909  0.0120000000  0.0155469184  0.0077579519 -0.0004578755  0.0204520990  0.0149019608  0.0095068330  0.0105078809  0.0272373541 -0.0107526882  0.0180505415  0.0041407867 -0.0076590077  0.0488888889  0.0433333333  0.0042944785  0.0090361446  0.0207468880  0.0274223035 -0.0115712546  0.0350364964  0.0114204140  0.0000000000  0.0053317536  0.0197585071
 0.0124584718 -0.0082781457 -0.0015122873  0.0104895105 -0.0006440809  0.0000000000  0.0128534704 -0.0149355058 -0.0097222222 -0.0421455939  0.0215541690  0.0312000000 -0.0108695652  0.0065005417 -0.0169622205  0.0035778175 -0.0017482517  0.0098231827  0.0000000000  0.0492424242  0.0069492703  0.0273691413  0.0321100917 -0.0033222591 -0.0118217642  0.0152905199  0.0062630480  0.0000000000 -0.0272511848 -0.0242165242  0.0043010753  0.0000000000  0.0224106602  0.0000000000
-0.0041356493 -0.0090237900 -0.0007555723 -0.0086655113 -0.0076696919  0.0053380783 -0.0347394541 -0.0212624585 -0.0243902439  0.0829875519 -0.0334429825 -0.0180675570 -0.0659898477 -0.0600814664  0.0093385214 -0.0345423143 -0.0296861747 -0.0249042146 -0.0158730159 -0.0222222222 -0.0157318741  0.0100207326 -0.0267857143  0.0066889632 -0.0048265460 -0.0410557185 -0.0224489796 -0.0420315236 -0.0398179750 -0.0726552180 -0.0176056338 -0.0097765363  0.0104039168 -0.0054585153
-0.0138662316 -0.0263578275 -0.0003776435 -0.0212044105  0.0528936743  0.0311926606  0.0062421973 -0.0220922677 -0.0067294751 -0.0041322314  0.0033003300  0.0055292259 -0.0259579728 -0.0184907546 -0.0265151515  0.0011527378  0.0342105263  0.0019193858 -0.0156250000  0.0305343511 -0.0114942529  0.0455202312  0.0000000000 -0.0099337748  0.0006036825  0.0111193477 -0.0101010101  0.0000000000 -0.0409165303  0.0053120850  0.0035335689 -0.0027855153 -0.0256410256 -0.0097297297
 0.0174273859  0.0321516900  0.0172877449  0.0137575236  0.0463315026  0.0018382353  0.0177890724 -0.0045278137  0.0095108696  0.0041493776  0.0719339623  0.0242718447 -0.0049200492  0.0325077399  0.0161662818  0.0345855695 -0.0273037543  0.0316831683  0.0267379679  0.0115830116  0.0000000000  0.0032620515  0.0228310502  0.0134228188  0.0346658339  0.0029739777  0.0040567951  0.0017543860  0.0373514431  0.0590717300 -0.0014114326  0.0198863636  0.0041916168  0.0323660714
-0.0082304527  0.0219039596 -0.0162509448  0.0818604651  0.0025412961 -0.0215827338  0.0194300518  0.0012953368 -0.0186666667  0.0041666667 -0.0269650029 -0.0143540670 -0.0196945338  0.0363636364  0.0124707716 -0.0350978136 -0.0624000000 -0.0307101727 -0.0105820106 -0.0152091255  0.0095563140  0.0391713748  0.0000000000 -0.0033444816 -0.0332125604  0.0166288738 -0.0060483871  0.0088495575  0.0249419954 -0.0339673913  0.0078236131  0.0114942529 -0.0205278592  0.0228310502
 0.0537727667  0.0790909091  0.0380541389  0.0416666667  0.0611235955  0.0373134328  0.0692520776  0.0460704607  0.0445682451  0.0389610390  0.0921052632  0.0476190476  0.0427493713  0.1000000000  0.0727424749  0.0482509047  0.0162601626  0.0991561181  0.0384615385  0.0778688525  0.0324171952  0.1048689139  0.0330188679  0.0794223827  0.0591621362  0.0584000000  0.0464135021  0.1078431373  0.1735874745  0.0544412607  0.0407105848  0.0529500756  0.0669586984  0.0735294118
-0.0471074380 -0.0299823633 -0.0513583923 -0.0426716141 -0.0660416958 -0.0307414105 -0.0334672021 -0.0276679842 -0.0439414115 -0.0253164557 -0.0500000000 -0.0164338537 -0.0524225576 -0.0750816104 -0.0604870385 -0.0627473149 -0.0120481928 -0.0687622790 -0.0370370370 -0.0651340996 -0.0633663366 -0.0591229444  0.0095238095 -0.0415224913 -0.0197492163 -0.0615615616 -0.0385395538 -0.0267175573 -0.0631377551 -0.0592991914 -0.0315412186 -0.0557142857 -0.0878995434 -0.0577367206
-0.0178571429  0.0170403587  0.0178030303 -0.0027752081  0.0713536201 -0.0212389381 -0.0158102767 -0.0206451613  0.0013333333 -0.0165975104  0.0250152532 -0.0356576862 -0.0011900040  0.0222469410 -0.0192604006 -0.0306849315 -0.0095465394 -0.0135658915 -0.0550000000  0.0357142857  0.0188298588  0.0399022801 -0.0094339623 -0.0034482759 -0.0232700551  0.0113895216  0.0123203285 -0.0168855535  0.0248366013 -0.0376134890 -0.0021459227  0.0204081633  0.0057405281  0.0200235571
 0.0098360656  0.0117967332 -0.0097524381  0.0285442436  0.0397443890 -0.0407470289  0.0013192612 -0.0019317450 -0.0066225166  0.0126050420  0.0167493797  0.0120288693  0.0071913704  0.0351180196  0.0085470085  0.0027472527 -0.0094562648  0.0197628458 -0.0384615385 -0.0039525692  0.0157103825 -0.0036511156 -0.0230414747 -0.0034364261  0.0089589126  0.0076511094 -0.0121703854 -0.0037383178 -0.0461346633 -0.0140664962  0.0115774240  0.0586419753  0.0375223347 -0.0173611111
 0.0269360269  0.0289449113  0.0345362825  0.0835051546  0.0492232216 -0.0150501672  0.0631136045  0.0318936877  0.0244233379  0.0484581498  0.0474333983  0.0187908497  0.0385892116  0.0546448087  0.0897544454  0.0502019619  0.0184590690  0.0541666667  0.0947368421  0.0079681275  0.0244926522  0.0119047619  0.0689655172 -0.0034246575  0.0381654907  0.0259026688  0.0534188034  0.0657370518  0.0348387097  0.0262467192  0.0199261993  0.0502431118  0.0566393958  0.0372148860
-0.0403877221 -0.0411817368 -0.0268126888 -0.0231621349 -0.0691124981 -0.0115702479 -0.0630749014 -0.0066006601 -0.0428571429 -0.0173160173 -0.0102893891 -0.0430023456 -0.0508074045 -0.0485268631 -0.0700787402 -0.0777009047 -0.0326086957 -0.0786948177 -0.0206185567 -0.0308880309 -0.0239071038 -0.0228640193 -0.0601851852 -0.0519480519 -0.0237946149 -0.0590841950 -0.0270270270 -0.0474383302 -0.0887713110  0.0079365079 -0.0230713771  0.0181518152 -0.0485029940 -0.0280046674
